1 2 3 4 5 6 7 8 9 10 11 12 13 14 15 16 17 18
-5148664 8388707 -4449383 8388707 -8388308 -7629774 -8388308 -7520664 -8388308 -8388408 -8388308 -8388408 -8388308 -8388408 -8388308 -8112867 -8388308 -7685575
-5138880 8388707 -4458470 8388707 -8388308 -7631528 -8388308 -7482372 -8388308 -8388408 -8388308 -8388408 -8388308 -8388408 -8388308 -7821761 -8388308 -7686503
-5178649 8388707 -4499478 8388707 -8388308 -7633455 -8388308 -7456852 -8388308 -8388408 -8388308 -8388408 -8388308 -8388408 -8388308 -7577997 -8388308 -7706198
-5292547 8388707 -4495476 8388707 -8388308 -7627734 -8388308 -7446471 -8388308 -8388408 -8388308 -8388408 -8388308 -8388408 -8388308 -7537786 -8388308 -7722864
-5291445 8388707 -4511017 8388707 -8388308 -7626068 -8388308 -7493895 -8388308 -8388408 -8388308 -8388408 -8388308 -8388408 -8388308 -7506156 -8388308 -7724742
-5235319 8388707 -4549483 8388707 -8388308 -7627926 -8388308 -7781679 -8388308 -8388408 -8388308 -8388408 -8388308 -8388408 -8388308 -7492486 -8388308 -7773235
-5158584 8388707 -4602850 8388707 -8388308 -7629910 -8388308 -8040956 -8388308 -8388408 -8388308 -8388408 -8388308 -8388408 -8388308 -7487252 -8388308 -7820740
-5135354 8388707 -4623754 8388707 -8388308 -7631822 -8388308 -8035287 -8388308 -8388408 -8388308 -8388408 -8388308 -8388408 -8388308 -7490715 -8388308 -7720478
-5079825 8388707 -4631125 8388707 -8388308 -7637235 -8388308 -8050281 -8388308 -8388408 -8388308 -8388408 -8388308 -8388408 -8388308 -7519548 -8388308 -7682311
-5117941 8388707 -4644648 8388707 -8388308 -7693835 -8388308 -8051037 -8388308 -8388408 -8388308 -8388408 -8388308 -8388408 -8388308 -7544519 -8388308 -7691723
-5257558 8388707 -4658109 8388707 -8388308 -7772050 -8388308 -8050528 -8388308 -8388408 -8388308 -8388408 -8388308 -8388408 -8388308 -7536491 -8388308 -7699134
-5477640 8388707 -4678602 8388707 -8388308 -7767197 -8388308 -8064130 -8388308 -8388408 -8388308 -8388408 -8388308 -8388408 -8388308 -7582335 -8388308 -7796452
-5513134 8388707 -4689826 8388707 -8388308 -7685233 -8388308 -8080489 -8388308 -8388408 -8388308 -8388408 -8388308 -8388408 -8388308 -7662561 -8388308 -7957770
-5510214 8388707 -4691813 8388707 -8388308 -7490500 -8388308 -8057377 -8388308 -8388408 -8388308 -8388408 -8388308 -8388408 -8388308 -7742692 -8388308 -8330205
-5503541 8388707 -4688818 8388707 -8388308 -7433170 -8388308 -8135999 -8388308 -8388408 -8388308 -8388408 -8388308 -8388408 -8388308 -7812663 -8388308 -8388408
-5523002 8388707 -4682689 8388707 -8388308 -7422589 -8388308 -8229276 -8388308 -8388408 -8388308 -8388408 -8388308 -8388408 -8388308 -7890973 -8388308 -8388408
-5555583 8388707 -4652628 8388707 -8388308 -7508447 -8388308 -8310229 -8388308 -8388408 -8388308 -8388408 -8388308 -8388408 -8388308 -7980228 -8388308 -8388408
-5574908 8388707 -4635376 8388707 -8388308 -7734571 -8388308 -8371365 -8388308 -8388408 -8388308 -8388408 -8388308 -8388408 -8388308 -8022003 -8388308 -8388408
-5576094 8388707 -4634326 8388707 -8388308 -7716816 -8388308 -8388408 -8388308 -8388408 -8388308 -8388408 -8388308 -8388408 -8388308 -8046684 -8388308 -8388408
-5583203 8388707 -4633563 8388707 -8388308 -7779878 -8388308 -8388408 -8388308 -8388408 -8388308 -8388408 -8388308 -8388408 -8388308 -8077655 -8388308 -8388408
-5589427 8388707 -4644219 8388707 -8388308 -7784524 -8388308 -8388408 -8388308 -8388408 -8388308 -8388408 -8388308 -8388408 -8388308 -8111589 -8388308 -8388408
-5563338 8388707 -4682366 8388707 -8388308 -7911817 -8388308 -8388408 -8388308 -8388408 -8388308 -8388408 -8388308 -8388408 -8388308 -8144316 -8388308 -8388408
-5568272 8388707 -4708338 8388707 -8388308 -7820511 -8388308 -8388408 -8388308 -8388408 -8388308 -8388408 -8388308 -8388408 -8388308 -8187315 -8388308 -8388408
-5599183 8388707 -4730698 8388707 -8388308 -7831983 -8388308 -8388408 -8388308 -8388408 -8388308 -8388408 -8388308 -8388408 -8388308 -8214782 -8388308 -8388408
-5629729 8388707 -4719245 8388707 -8388308 -7878714 -8388308 -8388408 -8388308 -8388408 -8388308 -8388408 -8388308 -7961411 -8388308 -8235041 -8388308 -8388408
-5684158 8388707 -4725550 8388707 -8388308 -8105595 -8388308 -8388408 -8388308 -8388408 -8388308 -8388408 -8388308 -7894082 -8388308 -8264574 -8388308 -8388408
-5756586 8388707 -4739568 8388707 -8388308 -7570608 -8388308 -8388408 -8388308 -8388408 -8388308 -8388408 -8388308 -7922569 -8388308 -8303523 -8388308 -8388408
-5803582 8388707 -4782925 8388707 -8388308 -7340255 -8388308 -8388408 -8388308 -8388408 -8388308 -8388408 -8388308 -7947358 -8388308 -8339299 -8388308 -8388408
-5827054 8388707 -4801729 8388707 -8388308 -7397081 -8388308 -8388408 -8388308 -8388408 -8388308 -8388408 -8388308 -7973951 -8388308 -8377106 -8388308 -8388408
-5845247 8388707 -4782835 8388707 -8388308 -7578824 -8388308 -8388408 -8388308 -8388408 -8388308 -8388408 -8388308 -7993248 -8388308 -8388027 -8388308 -8388408
-5901659 8388707 -4782551 8388707 -8388308 -7690673 -8388308 -8388408 -8388308 -8388408 -8388308 -8388408 -8388308 -7997372 -8388308 -8388408 -8388308 -8388408
-5947064 8388707 -4790049 8388707 -8388308 -7663509 -8388308 -8388408 -8388308 -8388408 -8388308 -8388408 -8388308 -8060050 -8388308 -8388408 -8388308 -8388408
-6035734 8388707 -4797739 8388707 -8388308 -7719882 -8388308 -8388408 -8388308 -8388408 -8388308 -8388408 -8388308 -8128868 -8388308 -8388408 -8388308 -8388408
-6054094 8388707 -4822993 8388707 -8388308 -7784622 -8388308 -8388408 -8388308 -8388408 -8388308 -8388408 -8388308 -8147465 -8388308 -8388408 -8388308 -8388408
-6057394 8388707 -4838253 8388707 -8388308 -7840042 -8388308 -8388408 -8388308 -8388408 -8388308 -8388408 -8388308 -8150810 -8388308 -8388408 -8388308 -8388408
-6095392 8388707 -4841746 8388707 -8388308 -7876848 -8388308 -8388408 -8388308 -8388408 -8388308 -8388408 -8388308 -8152282 -8388308 -8388408 -8388308 -8388408
-6234813 8388707 -4850707 8388707 -8388308 -7948935 -8388308 -8388408 -8388308 -8388408 -8388308 -8388408 -8388308 -8167479 -8388308 -8388408 -8388308 -8388408
-6262140 8388707 -4860633 8388707 -8388308 -7974815 -8388308 -8388408 -8388308 -8388408 -8388308 -8388408 -8388308 -8195534 -8388308 -8388408 -8388308 -8388408
-6262386 8388707 -4870468 8388707 -8388308 -8007318 -8388308 -8388408 -8388308 -8388408 -8388308 -8388408 -8388308 -8226566 -8388308 -8388408 -8388308 -8388408
-6282352 8388707 -4879555 8388707 -8388308 -8044200 -8388308 -8388408 -8388308 -8388408 -8388308 -8388408 -8388308 -8276926 -8388308 -8388408 -8388308 -8388408
-6306197 8388707 -4888983 8388707 -8388308 -8089938 -8388308 -8388408 -8388308 -8388408 -8388308 -8388408 -8388308 -8333496 -8388308 -8388408 -8388308 -8388408
-6308798 8388707 -4899616 8388707 -8388308 -8171991 -8388308 -8388408 -8388308 -8388408 -8388308 -8388408 -8388308 -8360928 -8388308 -8388408 -8388308 -8388408
-6287032 8388707 -4910241 8388707 -8388308 -8235773 -8388308 -8388408 -8388308 -8388408 -8388308 -8388408 -8388308 -8364426 -8388308 -8388408 -8388308 -8388408
-6308657 8388707 -4921205 8388707 -8388308 -8244848 -8388308 -8388408 -8388308 -8388408 -8388308 -8388408 -8388308 -8371635 -8388308 -8388408 -8388308 -8388408
-6358896 8388707 -4934090 8388707 -8388308 -8263307 -8388308 -8388408 -8388308 -8388408 -8388308 -8388408 -8388308 -8367504 -8388308 -8388408 -8388308 -8388408
-6406772 8388707 -4946560 8388707 -8388308 -8300824 -8388308 -8388408 -8388308 -8388408 -8388308 -8388408 -8388308 -8371258 -8388308 -8388408 -8388308 -8388408
-6423115 8388707 -4952961 8388707 -8388308 -8348148 -8388308 -8388408 -8388308 -8388408 -8388308 -8388408 -8388308 -8388408 -8388308 -8388408 -8388308 -8388408
-6433594 8388707 -4969829 8388707 -8388308 -8386359 -8388308 -8388408 -8388308 -8388408 -8388308 -8388408 -8388308 -8388408 -8388308 -8388408 -8388308 -8388408
-6447759 8388707 -4999421 8388707 -8388308 -8388408 -8388308 -8388408 -8388308 -8388408 -8388308 -8388408 -8388308 -8388408 -8388308 -8388408 -8388308 -8388408
-6454506 8388707 -5006412 8388707 -8388308 -8388408 -8388308 -8388408 -8388308 -8388408 -8388308 -8388408 -8388308 -8388408 -8388308 -8388408 -8388308 -8388408
-6460025 8388707 -5035659 8388707 -8388308 -8388408 -8388308 -8388408 -8388308 -8388408 -8388308 -8388408 -8388308 -8388408 -8388308 -8388408 -8388308 -8388408
-6454844 8388707 -5076562 8388707 -8388308 -8388408 -8388308 -8388408 -8388308 -8388408 -8388308 -8388408 -8388308 -8388408 -8388308 -8388408 -8388308 -8388408
-6438372 8388707 -5102983 8388707 -8388308 -8388408 -8388308 -8388408 -8388308 -8388408 -8388308 -8388408 -8388308 -8388408 -8388308 -8388408 -8388308 -8388408
-6462676 8388707 -5118180 8388707 -8388308 -8388408 -8388308 -8388408 -8388308 -8388408 -8388308 -8388408 -8388308 -8388408 -8388308 -8388408 -8388308 -8388408
-6484247 8388707 -5124964 8388707 -8388308 -8388408 -8388308 -8388408 -8388308 -8388408 -8388308 -8388408 -8388308 -8388408 -8388308 -8388408 -8388308 -8388408
-6618615 8388707 -5134417 8388707 -8388308 -8388408 -8388308 -8388408 -8388308 -8388408 -8388308 -8388408 -8388308 -8388408 -8388308 -8388408 -8388308 -8388408
-6624456 8388707 -5142329 8388707 -8388308 -8388408 -8388308 -8388408 -8388308 -8388408 -8388308 -8388408 -8388308 -8388408 -8388308 -8388408 -8388308 -8388408
-6630564 8388707 -5147998 8388707 -8388308 -8388408 -8388308 -8388408 -8388308 -8388408 -8388308 -8388408 -8388308 -8388408 -8388308 -8388408 -8388308 -8388408
-6659355 8388707 -5152491 8388707 -8388308 -8388408 -8388308 -8388408 -8388308 -8388408 -8388308 -8388408 -8388308 -8388408 -8388308 -8388408 -8388308 -8388408
-6717485 8388707 -5165703 8388707 -8388308 -8388408 -8388308 -8388408 -8388308 -8388408 -8388308 -8388408 -8388308 -8388408 -8388308 -8388408 -8388308 -8388408
-6761410 8388707 -5179525 8388707 -8388308 -8388408 -8388308 -8388408 -8388308 -8388408 -8388308 -8388408 -8388308 -8388408 -8388308 -8388408 -8388308 -8388408
-6774250 8388707 -5185335 8388707 -8388308 -8388408 -8388308 -8388408 -8388308 -8388408 -8388308 -8388408 -8388308 -8388408 -8388308 -8388408 -8388308 -8388408
-6770008 8388707 -5188191 8388707 -8388308 -8388408 -8388308 -8388408 -8388308 -8388408 -8388308 -8388408 -8388308 -8388408 -8388308 -8388408 -8388308 -8388408
-6816794 8388707 -5193488 8388707 -8388308 -8388408 -8388308 -8388408 -8388308 -8388408 -8388308 -8388408 -8388308 -8388408 -8388308 -8388408 -8388308 -8388408
-6837897 8388707 -5202105 8388707 -8388308 -8388408 -8388308 -8388408 -8388308 -8388408 -8388308 -8388408 -8388308 -8388408 -8388308 -8388408 -8388308 -8388408
-6889119 8388707 -5208824 8388707 -8388308 -8388408 -8388308 -8388408 -8388308 -8388408 -8388308 -8388408 -8388308 -8388408 -8388308 -8388408 -8388308 -8388408
-6935219 8388707 -5219616 8388707 -8388308 -8388408 -8388308 -8388408 -8388308 -8388408 -8388308 -8388408 -8388308 -8388408 -8388308 -8388408 -8388308 -8388408
-6958409 8388707 -5232449 8388707 -8388308 -8388408 -8388308 -8388408 -8388308 -8388408 -8388308 -8388408 -8388308 -8388408 -8388308 -8388408 -8388308 -8388408
-6975377 8388707 -5239504 8388707 -8388308 -8388408 -8388308 -8388408 -8388308 -8388408 -8388308 -8241255 -8388308 -8388408 -8388308 -8388408 -8388308 -8388408
-7000368 8388707 -5245993 8388707 -8388308 -8388408 -8388308 -8388408 -8388308 -8388408 -8388308 -7869258 -8388308 -8388408 -8388308 -8388408 -8388308 -8388408
-7016312 8388707 -5257459 8388707 -8388308 -8388408 -8388308 -8388408 -8388308 -8388408 -8388308 -7751603 -8388308 -8388408 -8388308 -8388408 -8388308 -8388408
-7013970 8388707 -5275258 8388707 -8388308 -8388408 -8388308 -8388408 -8388308 -8388408 -8388308 -7745400 -8388308 -8388408 -8388308 -8388408 -8388308 -8388408
-7038132 8388707 -5266321 8388707 -8388308 -8388408 -8388308 -8388408 -8388308 -8388408 -8388308 -7782660 -8388308 -8388408 -8388308 -8388408 -8388308 -8388408
-7117185 8388707 -5276803 8388707 -8388308 -8388408 -8388308 -8388408 -8388308 -8388408 -8388308 -7846456 -8388308 -8388408 -8388308 -8388408 -8388308 -8388408
-7171956 8388707 -5281642 8388707 -8388308 -8388408 -8388308 -8388408 -8388308 -8388408 -8388308 -7869921 -8388308 -8388408 -8388308 -8388408 -8388308 -8388408
-7175315 8388707 -5278941 8388707 -8388308 -8388408 -8388308 -8388408 -8388308 -8388408 -8388308 -7825637 -8388308 -8388408 -8388308 -8388408 -8388308 -8388408
-7148786 8388707 -5286168 8388707 -8388308 -8388408 -8388308 -8388408 -8388308 -8388408 -8388308 -7811269 -8388308 -8388408 -8388308 -8388408 -8388308 -8388408
-7189704 8388707 -5290255 8388707 -8388308 -8388408 -8388308 -8388408 -8388308 -8388408 -8388308 -7884322 -8388308 -8388408 -8388308 -8388408 -8388308 -8388408
-7290288 8388707 -5289937 8388707 -8388308 -8388408 -8388308 -8388408 -8388308 -8388408 -8388308 -8014372 -8388308 -8388408 -8388308 -8388408 -8388308 -8388408
-7307592 8388707 -5294475 8388707 -8388308 -8388408 -8388308 -8388408 -8388308 -8388408 -8388308 -8388408 -8388308 -8388408 -8388308 -8388408 -8388308 -8388408
-7317122 8388707 -5303799 8388707 -8388308 -8388408 -8388308 -8388408 -8388308 -8388408 -8388308 -8388408 -8388308 -8388408 -8388308 -8388408 -8388308 -8388408
-7325415 8388707 -5309434 8388707 -8388308 -8388408 -8388308 -8388408 -8388308 -8388408 -8388308 -8388408 -8388308 -8388408 -8388308 -8388408 -8388308 -8388408
-7345703 8388707 -5306254 8388707 -8388308 -8388408 -8388308 -8388408 -8388308 -8388408 -8388308 -8388408 -8388308 -8388408 -8388308 -8388408 -8388308 -8388408
-7375504 8388707 -5308900 8388707 -8388308 -8388408 -8388308 -8388408 -8388308 -8388408 -8388308 -8388408 -8388308 -8388408 -8388308 -8388408 -8388308 -8388408
-7384504 8388707 -5315078 8388707 -8388308 -8388408 -8388308 -8388408 -8388308 -8388408 -8388308 -8388408 -8388308 -8388408 -8388308 -8388408 -8388308 -8388408
-7367265 8388707 -5325246 8388707 -8388308 -8388408 -8388308 -8388408 -8388308 -8388408 -8388308 -8388408 -8388308 -8388408 -8388308 -8388408 -8388308 -8388408
-7358721 8388707 -5334950 8388707 -8388308 -8388408 -8388308 -8388408 -8388308 -8388408 -8388308 -8388408 -8388308 -8388408 -8388308 -8388408 -8388308 -8388408
-7368825 8388707 -5345770 8388707 -8388308 -8388408 -8388308 -8388408 -8388308 -8388408 -8388308 -8388408 -8388308 -8388408 -8388308 -8388408 -8388308 -8388408
-7363415 8388707 -5349046 8388707 -8388308 -8388408 -8388308 -8388408 -8388308 -8388408 -8388308 -8388408 -8388308 -8388408 -8388308 -8388408 -8388308 -8388408
-7355677 8388707 -5343851 8388707 -8388308 -8388408 -8388308 -8388408 -8388308 -8388408 -8388308 -8388408 -8388308 -8388408 -8388308 -8388408 -8388308 -8388408
-7364726 8388707 -5339984 8388707 -8388308 -8388408 -8388308 -8388408 -8388308 -8388408 -8388308 -8388408 -8388308 -8388408 -8388308 -8388408 -8388308 -8388408
-7367410 8388707 -5341494 8388707 -8388308 -8388408 -8388308 -8388408 -8388308 -8388408 -8388308 -8388408 -8388308 -8388408 -8388308 -8388408 -8388308 -8388408
-7349623 8388707 -5345066 8388707 -8388308 -8388408 -8388308 -8388408 -8388308 -8388408 -8388308 -8388408 -8388308 -8388408 -8388308 -8388408 -8388308 -8388408
-7336452 8388707 -5352569 8388707 -8388308 -8388408 -8388308 -8388408 -8388308 -8388408 -8388308 -8388408 -8388308 -8388408 -8388308 -8388408 -8388308 -8388408
-7339120 8388707 -5357766 8388707 -8388308 -8388408 -8388308 -8388408 -8388308 -8388408 -8388308 -8388408 -8388308 -8388408 -8388308 -8388408 -8388308 -8388408
-7348677 8388707 -5357432 8388707 -8388308 -8388408 -8388308 -8388408 -8388308 -8388408 -8388308 -8388408 -8388308 -8388408 -8388308 -8388408 -8388308 -8388408
-7361867 8388707 -5359627 8388707 -8388308 -8388408 -8388308 -8388408 -8388308 -8388408 -8388308 -8388408 -8388308 -8388408 -8388308 -8388408 -8388308 -8388408
-7389829 8388707 -5371713 8388707 -8388308 -8388408 -8388308 -8388408 -8388308 -8388408 -8388308 -8388408 -8388308 -8388408 -8388308 -8062948 -8388308 -8388408
-7433264 8388707 -5377493 8388707 -8388308 -8388408 -8388308 -8388408 -8388308 -8388408 -8388308 -8388408 -8388308 -8388408 -8388308 -7624568 -8388308 -8388408
-7425358 8388707 -5391924 8388707 -8388308 -8388408 -8388308 -8388408 -8388308 -8388408 -8388308 -8388408 -8388308 -8388408 -8388308 -7482686 -8388308 -8388408
